1,2 
0.6055020043824293,0.3944979956175707 
0.3043720634948892,0.6956279365051108 
0.2159152913943836,0.2159152913943836 
0.36310049420531243,0.6368995057946876 
0.7548772009321221,0.24512279906787793 
0.06320426161415904,0.936795738385841 
0.548116018016586,0.45188398198341395 
0.007936386242198612,0.9920636137578014 
0.40934030295336243,0.40934030295336243 
0.7363020328024463,0.7363020328024463 
0.2538354422497362,0.7461645577502638 
0.45559736477632784,0.5444026352236722 
0.42821305027554013,0.5717869497244599 
0.071494033095713,0.071494033095713 
0.556396427584597,0.44360357241540305 
0.5599743840856046,0.4400256159143954 
0.6941658937815038,0.6941658937815038 
0.18556880055671532,0.18556880055671532 
0.7447458221726793,0.7447458221726793 
0.5738579846260257,0.42614201537397434 
0.024057280546124993,0.975942719453875 
0.8755296009289786,0.8755296009289786 
0.8681266624530546,0.8681266624530546 
0.9350801688973511,0.06491983110264887 
0.2940048873412531,0.7059951126587469 
0.16410544291847917,0.8358945570815208 
0.6085575350101222,0.3914424649898778 
0.17707388616415987,0.8229261138358401 
0.39638716990324974,0.6036128300967503 
0.3136257753376217,0.3136257753376217 
0.30610796619716374,0.6938920338028363 
0.8392518955496693,0.8392518955496693 
0.0886851371587718,0.9113148628412282 
0.08998377057041407,0.08998377057041407 
0.4288193086127341,0.5711806913872659 
0.6384717451607633,0.3615282548392367 
0.583944658662459,0.583944658662459 
0.9473887744861222,0.05261122551387776 
0.7691418037720859,0.23085819622791415 
0.2686506719447479,0.2686506719447479 
0.22529375865179846,0.22529375865179846 
0.5599065827130232,0.4400934172869768 
0.7494391223159347,0.2505608776840653 
0.3016749437977899,0.6983250562022101 
0.2669034932650085,0.7330965067349915 
0.7311674735056077,0.26883252649439227 
0.5409123182459943,0.4590876817540057 
0.5704925593187173,0.5704925593187173 
0.7493234734289476,0.7493234734289476 
0.3737043916064926,0.3737043916064926 
0.5818348113717584,0.5818348113717584 
0.30599202373263656,0.30599202373263656 
0.8161446426618109,0.18385535733818914 
0.17730105770801496,0.17730105770801496 
0.9231882866193022,0.9231882866193022 
0.9031580576827072,0.9031580576827072 
0.5446994120716593,0.5446994120716593 
0.3165435079436383,0.6834564920563617 
0.1829100184704051,0.1829100184704051 
0.6785623070513898,0.6785623070513898 
0.6081428154877753,0.39185718451222473 
0.4201492454909128,0.4201492454909128 
0.35748695615630677,0.6425130438436932 
0.7169597511757562,0.28304024882424383 
0.6096797388825053,0.39032026111749474 
0.43509397964859775,0.5649060203514022 
0.43589859939213493,0.43589859939213493 
0.9212076054549798,0.9212076054549798 
0.24166272072767225,0.7583372792723277 
0.6686563248528123,0.6686563248528123 
0.3225509392066086,0.6774490607933914 
0.1783971036010219,0.1783971036010219 
0.7088629767898849,0.7088629767898849 
0.5064748240844668,0.5064748240844668 
0.040929573515380735,0.040929573515380735 
0.01483876824050645,0.01483876824050645 
0.4099167885424755,0.4099167885424755 
0.8100050816303874,0.18999491836961258 
0.5547778938294061,0.5547778938294061 
0.7396291485565993,0.26037085144340066 
0.40461895818485694,0.40461895818485694 
0.7266194471592808,0.27338055284071916 
0.572770382791755,0.572770382791755 
0.08710417172811513,0.08710417172811513 
0.2656157951374485,0.7343842048625515 
0.3095471494249695,0.6904528505750305 
0.11283960727121034,0.8871603927287897 
0.5319755118056488,0.5319755118056488 
0.34479377854669035,0.6552062214533096 
0.09638836899664316,0.09638836899664316 
0.546327000665106,0.453672999334894 
0.3796239296999506,0.6203760703000494 
0.7012161593871657,0.29878384061283425 
0.5375306361349348,0.4624693638650652 
0.07024458854119264,0.9297554114588074 
0.9979774680036093,0.9979774680036093 
0.2934958044424565,0.2934958044424565 
0.36006966186363676,0.6399303381363632 
0.9127362783003523,0.9127362783003523 
0.22850480180747246,0.7714951981925275 
0.581323913205674,0.581323913205674 
0.13776343681552294,0.8622365631844771 
0.14560851811110087,0.8543914818888991 
0.18572158292992924,0.18572158292992924 
0.9825214416412853,0.9825214416412853 
0.8599030020521108,0.8599030020521108 
0.04127820187252018,0.04127820187252018 
0.664157454012096,0.335842545987904 
0.060733391702375794,0.060733391702375794 
0.9767479217659158,0.9767479217659158 
0.04539163487661613,0.04539163487661613 
0.9506794289292448,0.04932057107075516 
0.8113176949006193,0.8113176949006193 
0.47170441848558653,0.5282955815144135 
0.12602351488122898,0.12602351488122898 
0.17100604541221798,0.828993954587782 
0.06675574471687473,0.06675574471687473 
0.16422205485590613,0.8357779451440939 
0.45965529691776497,0.540344703082235 
0.027613469598842366,0.027613469598842366 
0.9791230288718054,0.9791230288718054 
0.8955144023864254,0.8955144023864254 
0.9244988130623342,0.07550118693766583 
0.6384037544460426,0.3615962455539574 
0.2815379645742626,0.2815379645742626 
0.40830100464592767,0.40830100464592767 
0.07995080603379434,0.9200491939662057 
0.020725742545844472,0.9792742574541555 
0.9090376023065279,0.9090376023065279 
0.7407745815487077,0.2592254184512923 
0.10357091450587474,0.10357091450587474 
0.3077295857850004,0.3077295857850004 
0.40766111782963743,0.5923388821703626 
0.5440467121732964,0.5440467121732964 
0.04146230982693422,0.9585376901730658 
0.23524435675480015,0.7647556432451998 
0.2742674109989707,0.2742674109989707 
0.9379468364973507,0.9379468364973507 
0.5783222018339473,0.5783222018339473 
0.6084610423807457,0.6084610423807457 
0.6952529888087084,0.30474701119129155 
0.17076242791336926,0.8292375720866307 
0.9702384147760992,0.02976158522390082 
0.7808820997387897,0.7808820997387897 
0.10815864299948874,0.8918413570005113 
0.6355489160572672,0.6355489160572672 
0.7440050310788775,0.2559949689211225 
0.7087393457496274,0.2912606542503726 
0.7496080877173759,0.25039191228262414 
0.8955883359342647,0.10441166406573532 
0.6986104745089918,0.30138952549100817 
0.6580652382378309,0.6580652382378309 
0.22527601831195576,0.22527601831195576 
0.4405661426908163,0.4405661426908163 
0.8010828098526828,0.19891719014731724 
0.7866475494312215,0.2133524505687785 
0.8958726481509691,0.10412735184903088 
0.8365996745809119,0.1634003254190881 
0.5546034181617012,0.5546034181617012 
0.607708178447524,0.392291821552476 
0.9052439351393924,0.9052439351393924 
0.6544580552372896,0.3455419447627104 
0.24928008732934326,0.7507199126706567 
0.8711904828357988,0.8711904828357988 
0.10835986751261562,0.8916401324873844 
0.8606632858913954,0.1393367141086046 
0.12116422980465558,0.12116422980465558 
0.6495797473686007,0.6495797473686007 
0.7436273137375615,0.2563726862624385 
0.6495273425331778,0.3504726574668222 
0.8231185741134568,0.1768814258865432 
0.778602383839258,0.778602383839258 
0.8206054939826259,0.8206054939826259 
0.3122458659399232,0.3122458659399232 
0.1109634038475944,0.1109634038475944 
0.3745332047240977,0.3745332047240977 
0.447739164407964,0.447739164407964 
0.47161666801196955,0.47161666801196955 
0.830641287243123,0.16935871275687697 
0.2310489407178462,0.2310489407178462 
0.20419193826440618,0.20419193826440618 
0.13402747848743335,0.13402747848743335 
0.5861498033239401,0.5861498033239401 
0.4829195243725175,0.5170804756274825 
0.3092818867271381,0.3092818867271381 
0.6289905121261763,0.3710094878738237 
0.21797562935519332,0.7820243706448067 
0.28939437593932804,0.710605624060672 
0.8225801693776587,0.8225801693776587 
0.035870019423627664,0.035870019423627664 
0.19866986542089982,0.19866986542089982 
0.4328182895943593,0.4328182895943593 
0.07996009965563355,0.07996009965563355 
0.1334578254982295,0.1334578254982295 
0.2762282379518848,0.2762282379518848 
0.8427704686789141,0.15722953132108586 
0.09439152835259068,0.9056084716474093 
0.6763849063471898,0.6763849063471898 
0.4277602016323798,0.5722397983676202 
0.7247811911684721,0.27521880883152794 
0.3150968820503792,0.6849031179496208 
0.5731814702828202,0.5731814702828202 
0.9466764563648788,0.05332354363512115 
0.8868519450734054,0.8868519450734054 
0.7293662234424669,0.27063377655753307 
0.541346039283874,0.45865396071612596 
0.08346292039424075,0.9165370796057593 
0.8567457979806177,0.14325420201938233 
0.5515631217898005,0.4484368782101995 
0.4601544678171716,0.4601544678171716 
0.1435701073572755,0.1435701073572755 
0.896237086509255,0.10376291349074496 
0.10315232159472942,0.10315232159472942 
0.542062491704105,0.45793750829589497 
0.425363481872852,0.425363481872852 
0.3076681869539273,0.3076681869539273 
0.5056825749936606,0.49431742500633935 
0.9313538949537188,0.9313538949537188 
0.5712142733152901,0.42878572668470993 
0.15918445456863628,0.15918445456863628 
0.6446473539779978,0.6446473539779978 
0.049780623810821156,0.9502193761891788 
0.4014841142692953,0.5985158857307047 
0.28987951788637645,0.28987951788637645 
0.45738367076002606,0.5426163292399739 
0.8471713961473242,0.15282860385267583 
0.49266699041357853,0.5073330095864215 
0.7568023795766887,0.24319762042331128 
0.2604562893705904,0.2604562893705904 
0.4255514622982499,0.5744485377017501 
0.9450448014645949,0.05495519853540509 
0.5017388630172046,0.4982611369827954 
0.8578653793857582,0.8578653793857582 
0.7948417053520456,0.7948417053520456 
0.4085341876010977,0.4085341876010977 
0.4045917722179688,0.5954082277820312 
0.634489339788602,0.365510660211398 
0.8283381920717117,0.8283381920717117 
0.8480613150808312,0.15193868491916884 
0.08627161479635759,0.08627161479635759 
0.8726768973378973,0.12732310266210267 
0.9265991417780659,0.0734008582219341 
0.3395301496395551,0.3395301496395551 
0.2964615894621361,0.2964615894621361 
0.24710999872571482,0.24710999872571482 
0.022672495735724496,0.9773275042642755 
0.5692401040516961,0.4307598959483039 
0.6335455145930073,0.6335455145930073 
0.8932332251643453,0.8932332251643453 
0.9218742590569708,0.9218742590569708 
0.09400458887860541,0.09400458887860541 
0.1024973950443504,0.8975026049556496 
0.1543958451312304,0.8456041548687696 
0.30501157282357805,0.694988427176422 
0.17417862795808103,0.825821372041919 
0.4773906567451862,0.5226093432548138 
0.058188010648245525,0.9418119893517545 
0.08290713888165113,0.08290713888165113 
0.06571120094568017,0.9342887990543198 
0.11569217775375074,0.8843078222462493 
0.7475585478712965,0.7475585478712965 
0.07583721794819298,0.07583721794819298 
0.10954944571749414,0.8904505542825059 
0.574552734953897,0.574552734953897 
0.1350362505876619,0.8649637494123381 
0.13516752071887872,0.8648324792811213 
0.43682843445684827,0.43682843445684827 
0.22319548650193455,0.7768045134980655 
0.28626591084230824,0.7137340891576918 
0.8418535605265325,0.15814643947346751 
0.20024126801761577,0.20024126801761577 
0.8755760271438069,0.8755760271438069 
0.1622827733793064,0.8377172266206936 
0.2044032311942532,0.2044032311942532 
0.08150231075847558,0.9184976892415244 
0.5171061674945368,0.48289383250546325 
0.3177143445721411,0.6822856554278589 
0.6519736075474862,0.6519736075474862 
0.3882496464386691,0.6117503535613309 
0.22614138938326933,0.7738586106167307 
0.3888392038009867,0.6111607961990133 
0.21136466844860213,0.7886353315513979 
0.25866432851916876,0.7413356714808312 
0.4951242669342897,0.5048757330657103 
0.36247213745325446,0.6375278625467455 
0.22235139106833257,0.7776486089316674 
0.4697580854349108,0.5302419145650892 
0.8948301889496675,0.8948301889496675 
0.02926378248160022,0.02926378248160022 
0.4362435506812812,0.5637564493187188 
0.037256682443562505,0.9627433175564375 
0.6554619372573047,0.6554619372573047 
0.918463841012866,0.918463841012866 
0.30482108649168893,0.30482108649168893 
0.8035909311173486,0.19640906888265142 
0.34685263888945994,0.34685263888945994 
0.6786942290237135,0.32130577097628654 
0.1385376438201087,0.1385376438201087 
0.27735346013130857,0.27735346013130857 
0.6621708326612477,0.33782916733875235 
0.8233160219722133,0.17668397802778668 
0.29682803273751834,0.7031719672624817 
0.14722476327595402,0.14722476327595402 
0.9386930789033583,0.06130692109664171 
0.12192414884035707,0.8780758511596429 
0.8121259944661174,0.8121259944661174 
0.4465895242022322,0.4465895242022322 
0.024342911788404198,0.9756570882115958 
0.505599931717694,0.505599931717694 
0.7981339829461427,0.7981339829461427 
0.9396068555833721,0.06039314441662791 
0.5000830944711028,0.5000830944711028 
0.7107351951189156,0.7107351951189156 
0.07706446217454244,0.07706446217454244 
0.19279189571033784,0.19279189571033784 
0.6164200927634513,0.38357990723654867 
0.3781074300588725,0.6218925699411275 
0.09846898388475323,0.9015310161152468 
0.5973798141096114,0.5973798141096114 
0.8152552840310463,0.1847447159689537 
0.42450286996093833,0.5754971300390617 
0.4259240150799306,0.4259240150799306 
0.26619191410700216,0.26619191410700216 
0.4940244322299674,0.4940244322299674 
0.00758610738028076,0.9924138926197192 
0.9485843615592788,0.05141563844072117 
0.1933647887830774,0.1933647887830774 
0.4424350887745032,0.4424350887745032 
0.736656891722212,0.736656891722212 
0.5252619072992593,0.5252619072992593 
0.8038021957837709,0.8038021957837709 
0.18116806076959557,0.8188319392304044 
0.22165994917390552,0.22165994917390552 
0.7092488452736079,0.7092488452736079 
0.1340810781620596,0.8659189218379404 
0.7955618999813956,0.2044381000186044 
0.3052737526191873,0.6947262473808127 
0.6164104236747721,0.38358957632522794 
0.6062768087400072,0.3937231912599928 
0.3564801575223395,0.3564801575223395 
0.727854895493719,0.27214510450628104 
0.6065155874163208,0.39348441258367917 
0.6701269514201926,0.6701269514201926 
0.4328791197087134,0.5671208802912866 
0.12045082159925435,0.8795491784007456 
0.23692676435665705,0.23692676435665705 
0.9197747001096632,0.9197747001096632 
0.9747016975466913,0.025298302453308663 
0.2525729312067799,0.2525729312067799 
0.5373151601026838,0.46268483989731624 
0.3065962500264112,0.6934037499735888 
0.1980489097911593,0.8019510902088407 
0.038679048470869004,0.038679048470869004 
0.32948597698817617,0.6705140230118238 
0.6156144421546683,0.6156144421546683 
0.9905294013093651,0.9905294013093651 
0.36554134673595784,0.36554134673595784 
0.04043090444074915,0.04043090444074915 
0.5807006129904773,0.41929938700952274 
0.04123370412616323,0.04123370412616323 
0.37356729357740215,0.37356729357740215 
0.03483120323176214,0.03483120323176214 
0.11048851593278552,0.8895114840672145 
0.9238251003416829,0.9238251003416829 
0.541117408422167,0.45888259157783295 
0.8115862880529441,0.18841371194705592 
0.17876133688681528,0.8212386631131847 
0.6689377062560233,0.6689377062560233 
0.5299377268480159,0.4700622731519841 
0.08616502311679786,0.9138349768832021 
0.7714801071828707,0.7714801071828707 
0.7082600856564529,0.7082600856564529 
0.7324106029729831,0.2675893970270169 
0.5394662511185395,0.5394662511185395 
0.29870465966350634,0.7012953403364937 
0.22842495510836103,0.771575044891639 
0.0468531446814342,0.0468531446814342 
0.6287965113254677,0.6287965113254677 
0.1105613383080315,0.1105613383080315 
0.10625681415973287,0.10625681415973287 
0.3480698823544388,0.6519301176455612 
0.9309644677265472,0.9309644677265472 
0.08418146371012036,0.9158185362898796 
0.09519927617199819,0.9048007238280018 
0.246693715272301,0.246693715272301 
0.492853974739911,0.507146025260089 
0.4955688359769277,0.4955688359769277 
0.6245164701136088,0.6245164701136088 
0.6154743636643187,0.6154743636643187 
0.46331640559241394,0.46331640559241394 
0.26927455315970517,0.7307254468402948 
0.21190334551214085,0.21190334551214085 
0.19625944725946365,0.8037405527405364 
0.39995661201157584,0.39995661201157584 
0.2828744341757914,0.2828744341757914 
0.08458147611387234,0.9154185238861277 
0.6412844397779727,0.6412844397779727 
0.5096967448984842,0.49030325510151584 
0.4764100995197029,0.4764100995197029 
0.7244569765236883,0.7244569765236883 
0.4355603368212022,0.4355603368212022 
0.1017778197526078,0.8982221802473922 
0.7981376778283855,0.7981376778283855 
0.17063604166272484,0.17063604166272484 
0.15487457115614522,0.8451254288438548 
0.28576210403137714,0.28576210403137714 
0.5999481185428033,0.4000518814571967 
0.1977896537547641,0.1977896537547641 
0.2920548402263312,0.2920548402263312 
0.49747146999597947,0.5025285300040205 
0.11748188392922954,0.8825181160707705 
0.9873564652890536,0.01264353471094637 
0.9779455243831472,0.9779455243831472 
0.2510457167601827,0.7489542832398173 
0.4880574089123708,0.5119425910876292 
0.04587502381039599,0.954124976189604 
0.31679236469967775,0.31679236469967775 
0.23754380306693523,0.7624561969330648 
0.1291536691014945,0.8708463308985055 
0.6704418666844534,0.6704418666844534 
0.7739920872993411,0.7739920872993411 
0.7363308123675816,0.7363308123675816 
0.7052965898597026,0.7052965898597026 
0.36841584823545825,0.36841584823545825 
0.5329498499912713,0.46705015000872874 
0.20524991156340722,0.7947500884365928 
0.7989973100299705,0.7989973100299705 
0.09701391537415693,0.09701391537415693 
0.3333586179703012,0.6666413820296988 
0.5289124170393111,0.47108758296068887 
0.4027322128105988,0.5972677871894012 
0.7205911564109728,0.2794088435890272 
0.9179723512552553,0.08202764874474466 
0.2646169281116444,0.7353830718883556 
0.9173546709351752,0.0826453290648248 
0.3183700777866034,0.3183700777866034 
0.7338867754345846,0.7338867754345846 
0.521041168733642,0.521041168733642 
0.6808453761620015,0.31915462383799853 
0.9867199399219404,0.9867199399219404 
0.6689307720454793,0.6689307720454793 
0.11518866168268405,0.884811338317316 
0.26478437646361064,0.26478437646361064 
0.08721532836108281,0.08721532836108281 
0.36531466127949486,0.36531466127949486 
0.4637812748582182,0.5362187251417818 
0.6500773928549819,0.3499226071450181 
0.01186293527385085,0.01186293527385085 
0.1605428887115743,0.1605428887115743 
0.16910429748137368,0.16910429748137368 
0.8049554917559254,0.8049554917559254 
0.6007849537330352,0.6007849537330352 
0.47827998471941413,0.47827998471941413 
0.5157940894782793,0.4842059105217207 
0.3068095345826374,0.3068095345826374 
0.17596550845209813,0.17596550845209813 
0.7384937481103273,0.7384937481103273 
0.16750592740396208,0.16750592740396208 
0.06712627437377283,0.06712627437377283 
0.2979163744312048,0.7020836255687952 
0.3836604793146636,0.6163395206853364 
0.9206468371147691,0.07935316288523087 
0.3902245256943644,0.3902245256943644 
0.8013676219331549,0.8013676219331549 
0.10598366348587152,0.8940163365141285 
0.9393497805103228,0.06065021948967719 
0.01728275202142382,0.9827172479785762 
0.5841390740012589,0.41586092599874114 
0.26101096775703647,0.26101096775703647 
0.8858097637876872,0.11419023621231283 
0.800153150241625,0.800153150241625 
0.9610721142405736,0.9610721142405736 
0.5731616664701413,0.5731616664701413 
0.33345403878952995,0.33345403878952995 
0.9396565063775801,0.060343493622419864 
0.38347019352464007,0.38347019352464007 
0.7046362732355682,0.2953637267644318 
0.5683848524413497,0.43161514755865027 
0.009490918892052003,0.990509081107948 
0.7129121708762045,0.2870878291237955 
0.6927252534729091,0.6927252534729091 
0.45819122778308397,0.541808772216916 
0.4937417307417262,0.4937417307417262 
0.9274036775916494,0.07259632240835057 
0.5929907868977045,0.5929907868977045 
0.1833614657636622,0.8166385342363378 
0.8616036576578296,0.8616036576578296 
0.2948464473661703,0.2948464473661703 
0.0018775398486325923,0.0018775398486325923 
0.7321877044911964,0.7321877044911964 
0.9252432496771432,0.07475675032285678 
0.15978792061279323,0.15978792061279323 
0.4286267555925456,0.5713732444074544 
0.9481131388985453,0.051886861101454684 
0.6992652232815029,0.6992652232815029 
0.43163970675568164,0.5683602932443184 
0.8284249963841817,0.8284249963841817 
0.22888448445126053,0.22888448445126053 
0.025373436499108504,0.9746265635008915 
0.5817618488858869,0.4182381511141131 
0.3832789777719263,0.6167210222280737 
0.5439792819164593,0.4560207180835407 
0.6752392040451594,0.32476079595484064 
0.3155082383638641,0.3155082383638641 
0.3864499301157409,0.3864499301157409 
0.4876519121621503,0.5123480878378497 
0.623787572052648,0.623787572052648 
0.5153020675833875,0.5153020675833875 
0.013524342267156042,0.013524342267156042 
0.43008016482167877,0.5699198351783212 
0.117637161266265,0.117637161266265 
0.07481702329342732,0.9251829767065727 
0.7855661652708721,0.21443383472912791 
0.4707409819263948,0.4707409819263948 
0.643988975724352,0.356011024275648 
0.3138423257178553,0.6861576742821447 
0.10581960980145322,0.8941803901985468 
0.3617247130557033,0.6382752869442967 
0.7192289647693944,0.28077103523060565 
0.5977145867052758,0.4022854132947242 
0.18271527162988788,0.8172847283701121 
0.0950524320278745,0.9049475679721255 
0.3891155488863991,0.6108844511136009 
0.6543158949094563,0.3456841050905437 
0.03538348691440851,0.03538348691440851 
0.7178900904591878,0.7178900904591878 
0.9397665004233455,0.06023349957665447 
0.17712513733288748,0.8228748626671125 
0.3660137553909013,0.3660137553909013 
0.3518008172122262,0.6481991827877738 
0.04561412786748065,0.9543858721325194 
0.20615150356681866,0.7938484964331813 
0.3780683259847306,0.3780683259847306 
0.7056511288192748,0.7056511288192748 
0.21655664272639297,0.21655664272639297 
0.16557620514779714,0.8344237948522029 
0.12263162024147523,0.8773683797585248 
0.9983563060336023,0.9983563060336023 
0.06650751069275018,0.06650751069275018 
0.007682900401552839,0.9923170995984472 
0.7174941795475522,0.28250582045244776 
0.6387095338316628,0.36129046616833715 
0.9303360856676364,0.06966391433236363 
0.6047845833048731,0.6047845833048731 
0.29338473741357607,0.29338473741357607 
0.3574954452682395,0.6425045547317605 
0.014168678656613753,0.014168678656613753 
0.27673346927390297,0.27673346927390297 
0.32115391793769454,0.6788460820623055 
0.08147255532802733,0.9185274446719727 
0.740077592455112,0.25992240754488805 
0.7599767669861892,0.2400232330138108 
0.8543038749149807,0.14569612508501928 
0.28340132883752855,0.7165986711624714 
0.20565561734122118,0.20565561734122118 
0.06335257846146547,0.9366474215385345 
0.940533842354669,0.05946615764533103 
0.7214111603671205,0.2785888396328795 
0.6619381976725596,0.33806180232744043 
0.6136345681284838,0.6136345681284838 
0.7278257255260376,0.27217427447396236 
0.4985573413491158,0.4985573413491158 
0.04736278696250373,0.9526372130374963 
0.11389107722935954,0.8861089227706405 
0.9580215758872357,0.04197842411276431 
0.5670476260618993,0.5670476260618993 
0.4126862633866313,0.4126862633866313 
0.9462348065514725,0.05376519344852748 
0.20154837406060788,0.7984516259393921 
0.9986059079258691,0.9986059079258691 
0.07240888220343145,0.9275911177965686 
0.44729485834304716,0.44729485834304716 
0.4352735382565647,0.5647264617434353 
0.7412283229042553,0.7412283229042553 
0.37713399571744444,0.6228660042825556 
0.5476778369871731,0.5476778369871731 
0.0946533349315477,0.0946533349315477 
0.8754952132254643,0.8754952132254643 
0.7700056096034538,0.22999439039654623 
0.7582666966131102,0.7582666966131102 
0.2960728583214476,0.7039271416785524 
0.652731956368565,0.34726804363143504 
0.7953918208121509,0.20460817918784913 
0.9971162737584114,0.0028837262415886133 
0.17788522732999845,0.8221147726700015 
0.08538005108854874,0.9146199489114513 
0.12216846235342294,0.12216846235342294 
0.9941965949182587,0.9941965949182587 
0.5571589886454611,0.5571589886454611 
0.8835736750097642,0.11642632499023575 
0.8814120306917113,0.11858796930828874 
0.009114896334810885,0.009114896334810885 
0.6449399339268063,0.35506006607319374 
0.6691117628732612,0.6691117628732612 
0.38826577463181433,0.6117342253681857 
0.6984976518051382,0.30150234819486177 
0.20592748458464172,0.20592748458464172 
0.285080390226754,0.285080390226754 
0.1490787304283303,0.8509212695716697 
0.9972259763043696,0.002774023695630401 
0.6922494958853442,0.30775050411465577 
0.6610458231519225,0.6610458231519225 
0.4849395753046726,0.4849395753046726 
0.8030082385431561,0.8030082385431561 
0.06033816213160703,0.939661837868393 
0.9998634444791221,1.3655552087787903E-4 
0.47407138940865434,0.5259286105913457 
0.4576185773759365,0.4576185773759365 
0.6559972014670783,0.6559972014670783 
0.5187112785942667,0.5187112785942667 
0.45437590494871993,0.45437590494871993 
0.16951959737904954,0.8304804026209505 
0.35995152537768327,0.35995152537768327 
0.7132416950100258,0.7132416950100258 
0.8284801598726721,0.8284801598726721 
0.9704599879499596,0.02954001205004042 
0.05529224542433986,0.9447077545756601 
0.7927963675000875,0.7927963675000875 
0.057167223598447725,0.057167223598447725 
0.8011019746585832,0.8011019746585832 
0.259958124157724,0.259958124157724 
0.05691820334183073,0.9430817966581693 
0.7087388417890192,0.29126115821098075 
0.8577100112605403,0.8577100112605403 
0.566748079517605,0.433251920482395 
0.14728237546686107,0.8527176245331389 
0.6399204901746671,0.6399204901746671 
0.3581224175947959,0.3581224175947959 
0.835155110847575,0.164844889152425 
0.6020766671526923,0.6020766671526923 
0.1474588657154512,0.1474588657154512 
0.9526072797474758,0.04739272025252417 
0.4490152734558879,0.4490152734558879 
0.13182181352531375,0.13182181352531375 
0.9402014449376264,0.9402014449376264 
0.20006066218423335,0.7999393378157666 
0.2744787789636358,0.2744787789636358 
0.412744370200375,0.412744370200375 
0.8190119909941471,0.8190119909941471 
0.4271269754095748,0.5728730245904252 
0.5249538582157842,0.5249538582157842 
0.15405434732025491,0.15405434732025491 
0.6575906608460369,0.3424093391539631 
0.17636064159777098,0.823639358402229 
0.3622697120813976,0.6377302879186024 
0.06959737734436344,0.06959737734436344 
0.31467639583367046,0.31467639583367046 
0.362271758194173,0.637728241805827 
0.8318835219370193,0.1681164780629807 
0.17719641970026712,0.8228035802997329 
0.8268459532729004,0.17315404672709955 
0.9638067054541593,0.9638067054541593 
0.6342068249903359,0.36579317500966413 
0.20038149197690935,0.7996185080230906 
0.7732861733029175,0.2267138266970825 
0.296806757005762,0.703193242994238 
0.8396832626421962,0.16031673735780383 
0.5828453798241373,0.5828453798241373 
0.03742401287850483,0.9625759871214952 
0.5932762664229543,0.4067237335770457 
0.06658519576814403,0.06658519576814403 
0.793158712396721,0.793158712396721 
0.26524406468158057,0.26524406468158057 
0.11711193312539625,0.11711193312539625 
0.7318871132139446,0.2681128867860554 
0.6052758193402397,0.39472418065976034 
0.9974689313423537,0.002531068657646296 
0.16981220317570211,0.8301877968242979 
0.6040165465786094,0.6040165465786094 
0.29200467595905466,0.29200467595905466 
0.2287284531885443,0.2287284531885443 
0.19385492365030554,0.8061450763496945 
0.5572309697952911,0.4427690302047089 
0.9910717985175519,0.008928201482448106 
0.24251258924434738,0.24251258924434738 
0.5479425753149574,0.5479425753149574 
0.2584942368117855,0.7415057631882145 
0.614868191286658,0.614868191286658 
0.5073303258309971,0.5073303258309971 
0.8620057525976783,0.1379942474023217 
0.6705886850702343,0.6705886850702343 
0.6251536738018035,0.37484632619819647 
0.015462056591924123,0.9845379434080759 
0.14540951299039917,0.8545904870096008 
0.3719232475839991,0.6280767524160009 
0.4160645768025806,0.5839354231974194 
0.4307848914208783,0.5692151085791217 
0.25211065492649887,0.25211065492649887 
0.02322175849839425,0.02322175849839425 
0.4855539401005009,0.4855539401005009 
0.37328624645437625,0.6267137535456238 
0.03333637960684488,0.9666636203931551 
0.62936017862614,0.62936017862614 
0.6186052692118145,0.38139473078818553 
0.6858988621158999,0.6858988621158999 
0.9166509091225925,0.9166509091225925 
0.042732068616066377,0.042732068616066377 
0.7278409265881405,0.7278409265881405 
0.10207416876042341,0.10207416876042341 
0.84924030634841,0.84924030634841 
0.22374620537846046,0.7762537946215395 
0.03497475409098727,0.9650252459090127 
0.034260172735032235,0.9657398272649678 
0.7560147056406414,0.24398529435935856 
0.5968577429421336,0.40314225705786644 
0.578846519467271,0.42115348053272905 
0.3381845409616331,0.3381845409616331 
0.7209891478002095,0.2790108521997905 
0.8762471403661873,0.8762471403661873 
0.08348656899724505,0.08348656899724505 
0.6126704439301685,0.38732955606983155 
0.6221935071795819,0.6221935071795819 
0.2852412487444065,0.2852412487444065 
0.8431651886348659,0.8431651886348659 
0.669092378151513,0.330907621848487 
0.14610439420533528,0.8538956057946647 
0.7162191241561606,0.7162191241561606 
0.8492272733868942,0.8492272733868942 
0.4477100493517838,0.4477100493517838 
0.5433994395806514,0.4566005604193486 
0.6947237468715872,0.3052762531284128 
0.7785391229538039,0.7785391229538039 
0.13096485330108587,0.8690351466989141 
0.034600278614900004,0.9653997213851 
0.7770666563464148,0.2229333436535852 
0.8632503901920838,0.8632503901920838 
0.7376936296170082,0.7376936296170082 
0.8268598476623472,0.8268598476623472 
0.5230536016333924,0.47694639836660757 
0.5530988326391038,0.44690116736089625 
0.7655680636706919,0.7655680636706919 
0.059717282596503996,0.940282717403496 
0.44203454409255816,0.5579654559074418 
0.08021605109989594,0.08021605109989594 
0.36762032212316376,0.36762032212316376 
0.5388437973017803,0.5388437973017803 
0.9317873002071917,0.0682126997928083 
0.7084979014549524,0.2915020985450476 
0.2072817683543784,0.7927182316456216 
0.22829293375371917,0.7717070662462808 
0.563876504195989,0.436123495804011 
0.37640153393503706,0.37640153393503706 
0.3323799068999904,0.6676200931000096 
0.5490677421421983,0.45093225785780167 
0.9310997040685871,0.06890029593141289 
0.598523456885697,0.40147654311430303 
0.6015860931059875,0.6015860931059875 
0.29296924771708865,0.7070307522829113 
0.2095706375416988,0.7904293624583012 
0.2650484648679856,0.2650484648679856 
0.7410748407183567,0.2589251592816433 
0.28858208758083403,0.28858208758083403 
0.6006537539162493,0.6006537539162493 
0.9563932083850433,0.9563932083850433 
0.8157846287428507,0.18421537125714926 
0.43092864261943387,0.43092864261943387 
0.46865868621138507,0.5313413137886149 
0.0552555231381493,0.0552555231381493 
0.6241843532201652,0.6241843532201652 
0.559579333411945,0.559579333411945 
0.29987471728406057,0.7001252827159394 
0.5535913047531353,0.5535913047531353 
0.7305035314130581,0.7305035314130581 
0.7233268917741431,0.7233268917741431 
0.9892628132102299,0.010737186789770092 
0.5048674383186906,0.49513256168130937 
0.21780983897585893,0.7821901610241411 
0.2546877182571119,0.2546877182571119 
0.04391175812834369,0.04391175812834369 
0.27743666536277134,0.7225633346372287 
0.3113208820651219,0.3113208820651219 
0.2917132530149702,0.7082867469850298 
0.596191570231063,0.40380842976893705 
0.47104718366273346,0.5289528163372665 
0.5342593761639218,0.5342593761639218 
0.8414478376067511,0.8414478376067511 
0.44934043715120375,0.5506595628487962 
0.5052263625764941,0.4947736374235059 
0.8223794520423275,0.17762054795767246 
0.17329712509853978,0.8267028749014602 
0.46280292103651677,0.46280292103651677 
0.5479445003346692,0.45205549966533076 
0.9805610405837202,0.019438959416279822 
0.07162542303978459,0.9283745769602154 
0.8820906886099702,0.1179093113900298 
0.6108487134307827,0.6108487134307827 
0.11468776233704414,0.8853122376629559 
0.12109620013221645,0.12109620013221645 
0.17669381336688184,0.17669381336688184 
0.9795061110807031,0.020493888919296932 
0.037887665101822954,0.962112334898177 
0.6830564014394509,0.3169435985605491 
0.9908956043314137,0.00910439566858634 
0.6636213817703966,0.33637861822960335 
0.5447700394061157,0.4552299605938843 
0.21226820272323654,0.7877317972767635 
0.588160434434349,0.588160434434349 
0.6218187910254038,0.3781812089745962 
0.438045867010298,0.438045867010298 
0.4637000947822232,0.4637000947822232 
0.38362045847446047,0.38362045847446047 
0.0202023834451881,0.9797976165548119 
0.9927391334615452,0.007260866538454813 
0.4935170859252376,0.4935170859252376 
0.20925925642943422,0.20925925642943422 
0.5997866444643474,0.4002133555356526 
0.005774409576629447,0.005774409576629447 
0.18861566992061607,0.8113843300793839 
0.15014575353150428,0.15014575353150428 
0.2654101252187462,0.2654101252187462 
0.39230646656177526,0.6076935334382247 
0.36242466871611767,0.6375753312838823 
0.6523285148065714,0.3476714851934286 
0.8618755965417362,0.8618755965417362 
0.4616858206964709,0.5383141793035291 
0.14539503545328114,0.8546049645467189 
0.3680174899490636,0.6319825100509364 
0.5617611819429054,0.5617611819429054 
0.28548107473419315,0.7145189252658068 
0.24914790904201967,0.24914790904201967 
0.5453206275717528,0.5453206275717528 
0.31614744298443376,0.31614744298443376 
0.7699639495098287,0.23003605049017128 
0.05712211231588782,0.9428778876841122 
0.8540351502613728,0.14596484973862722 
0.15346568738275068,0.8465343126172493 
0.6335247910335067,0.6335247910335067 
0.1300097916209184,0.8699902083790816 
0.2886017756475212,0.2886017756475212 
0.9700089925353268,0.9700089925353268 
0.009186132977645478,0.009186132977645478 
0.3553963976166563,0.3553963976166563 
0.5179562494558971,0.48204375054410287 
0.6994314664979864,0.3005685335020136 
0.9649402602534776,0.035059739746522434 
0.4774971931255545,0.4774971931255545 
0.09944742970443143,0.09944742970443143 
0.636175985334565,0.363824014665435 
0.7303983426884677,0.7303983426884677 
0.5087456513712458,0.49125434862875417 
0.40633024245010607,0.40633024245010607 
0.2799044073933319,0.7200955926066681 
0.0015403227961534594,0.0015403227961534594 
0.8998449132496262,0.10015508675037377 
0.26308221711443247,0.26308221711443247 
0.3840023165309261,0.6159976834690739 
0.2295501803559472,0.2295501803559472 
0.8620294225577407,0.13797057744225927 
0.4751192178569792,0.5248807821430208 
0.08931315033911513,0.08931315033911513 
0.48627003503435606,0.5137299649656439 
0.9297418173789571,0.9297418173789571 
0.11557462419591613,0.8844253758040839 
0.6886953072720836,0.3113046927279164 
0.48462830619030584,0.5153716938096942 
0.5815719715166923,0.5815719715166923 
0.8200915301001699,0.8200915301001699 
0.772301183139031,0.22769881686096904 
0.971327979592878,0.971327979592878 
0.7305113456134325,0.7305113456134325 
0.9271458916068533,0.07285410839314665 
0.7495833284482403,0.7495833284482403 
0.6020821051333649,0.3979178948666351 
0.16854949705687772,0.8314505029431223 
0.39155895287537956,0.6084410471246204 
0.740710380571602,0.740710380571602 
0.08263442348110983,0.08263442348110983 
0.8981177535699696,0.10188224643003041 
0.5171768046017124,0.5171768046017124 
0.4168560025014607,0.5831439974985393 
0.04363295044968729,0.9563670495503127 
0.7523805480987558,0.7523805480987558 
0.44153351080506753,0.44153351080506753 
0.5305702001661101,0.5305702001661101 
0.1459285974332991,0.8540714025667009 
0.9533588130527542,0.9533588130527542 
0.1462763104249667,0.1462763104249667 
0.11777012846648294,0.8822298715335171 
0.3725969750509901,0.3725969750509901 
0.7543743390608215,0.24562566093917848 
0.7997003771813693,0.20029962281863067 
0.11632639380955889,0.11632639380955889 
0.9941689674066321,0.005831032593367924 
0.03502849861979285,0.9649715013802072 
0.8739423930914849,0.8739423930914849 
0.22034965534739315,0.7796503446526069 
0.7693677422428655,0.7693677422428655 
0.816717504794467,0.816717504794467 
0.5302359170668094,0.5302359170668094 
0.40263107770757856,0.40263107770757856 
0.6568640755462025,0.3431359244537975 
0.60525095366958,0.60525095366958 
0.8870115200713784,0.8870115200713784 
0.4492581998919767,0.5507418001080233 
0.3119624456873107,0.3119624456873107 
0.21833568108599377,0.21833568108599377 
0.2121446062081893,0.7878553937918107 
0.7939086749814794,0.20609132501852057 
0.2099038838515661,0.2099038838515661 
0.3791104502542719,0.6208895497457281 
0.3890464649632619,0.6109535350367381 
0.003393395054837267,0.003393395054837267 
0.5915938058339052,0.5915938058339052 
0.010313213383118747,0.9896867866168813 
0.38456836327644806,0.38456836327644806 
0.2013302691621217,0.2013302691621217 
0.41140790165693786,0.41140790165693786 
0.9096270991856215,0.09037290081437854 
0.6174121680256095,0.6174121680256095 
0.7889821497571712,0.7889821497571712 
0.07909551148021698,0.920904488519783 
0.6420257409109555,0.6420257409109555 
0.826191055399558,0.17380894460044205 
0.8784298387509915,0.8784298387509915 
0.8884031498013565,0.11159685019864352 
0.17692571609093322,0.8230742839090668 
0.3003677406872398,0.6996322593127602 
0.9242294118873686,0.07577058811263138 
0.9891745633488449,0.010825436651155096 
0.33341285204598425,0.33341285204598425 
0.26955044980709175,0.7304495501929082 
0.1667548881323595,0.1667548881323595 
0.9856292880407209,0.014370711959279081 
0.5031079579110218,0.5031079579110218 
0.7729233152753481,0.22707668472465192 
0.2841098950722656,0.7158901049277344 
0.19958477698468724,0.8004152230153128 
0.4133011174239323,0.4133011174239323 
0.8008736338184388,0.1991263661815612 
0.33123885828311095,0.33123885828311095 
0.8709914209118919,0.8709914209118919 
0.33593874731649254,0.6640612526835075 
0.3513411990113624,0.3513411990113624 
0.061547994021798225,0.061547994021798225 
0.2465163909737964,0.2465163909737964 
0.519817104614303,0.519817104614303 
0.30746121618698896,0.692538783813011 
0.963517144185257,0.963517144185257 
0.9093721230141414,0.9093721230141414 
0.9348659299472901,0.06513407005270988 
0.1468997399738039,0.1468997399738039 
0.3956798026144812,0.6043201973855188 
0.7977555652934993,0.7977555652934993 
0.47039469518194577,0.47039469518194577 
0.4777750578572493,0.5222249421427507 
0.0318565698282709,0.0318565698282709 
0.4777091357887586,0.4777091357887586 
0.5680100054575699,0.43198999454243014 
0.20090210992747504,0.799097890072525 
0.6922319916582578,0.6922319916582578 
0.8546790567463549,0.14532094325364509 
0.20265718496267837,0.20265718496267837 
0.5767372762024636,0.5767372762024636 
0.9751430918125075,0.024856908187492532 
0.2889592453316465,0.7110407546683535 
0.7271487744230578,0.2728512255769422 
0.11325666935180356,0.11325666935180356 
0.23881355241233249,0.23881355241233249 
0.5320847756833236,0.5320847756833236 
0.030146463281041314,0.030146463281041314 
0.18813464668944357,0.8118653533105564 
0.2936348642803246,0.7063651357196754 
0.030443728561066363,0.030443728561066363 
0.9293589230400348,0.9293589230400348 
0.9707811202111669,0.9707811202111669 
0.5398331317154406,0.46016686828455944 
0.3883786343893083,0.3883786343893083 
0.1856448998474407,0.1856448998474407 
0.5454365413683313,0.4545634586316687 
0.007219885427116379,0.007219885427116379 
0.9307326957263258,0.06926730427367422 
0.9791770069972208,0.020822993002779233 
0.45963468447164346,0.45963468447164346 
0.18868903442983065,0.18868903442983065 
0.959746188631815,0.959746188631815 
0.43216869481706066,0.5678313051829393 
0.7266934307605497,0.2733065692394503 
0.7509201549328193,0.7509201549328193 
0.057275692041044435,0.9427243079589556 
0.8181151342665602,0.8181151342665602 
0.5759339890407138,0.4240660109592862 
0.30425307207370045,0.6957469279262996 
0.04871595970161757,0.9512840402983824 
0.5561012247211616,0.44389877527883836 
0.3193708331458238,0.6806291668541762 
0.9362785046111548,0.0637214953888452 
0.1282186655818105,0.1282186655818105 
0.6932080275288262,0.30679197247117385 
0.6603523639934277,0.33964763600657233 
0.422748032206806,0.422748032206806 
0.8007979187758656,0.1992020812241344 
2.133107432900072E-4,0.99978668925671 
0.03709643222095882,0.03709643222095882 
0.03897762015989459,0.03897762015989459 
0.10819476252539673,0.10819476252539673 
0.0790253937198202,0.9209746062801798 
0.8186197410435632,0.8186197410435632 
0.8917733332941828,0.8917733332941828 
0.8031417659175868,0.1968582340824132 
0.20553996978881406,0.7944600302111859 
