1,2 
0.9726852284852281,0.3370009976353607 
0.9949543196388686,0.4291464787690501 
0.979058226224198,0.35681055944335455 
0.43583406698853155,0.99586564010906 
0.9142358327960205,0.7800154903354231 
0.009093082730126878,0.40507688070554193 
0.19460364601369684,0.8958952727324141 
0.24808362144080753,0.9319006114994763 
0.007136561643950767,0.41582380899652893 
0.9428498946444218,0.2678707885391748 
0.5554562749106535,0.996915084871685 
9.587797886642657E-4,0.5309493219631892 
0.45923754430563746,0.0016643478479940188 
0.5513872758148217,0.0026476622309578035 
0.03288450355529532,0.678334273153584 
0.4696415225001523,0.999077511859522 
0.9829289413456095,0.37046375946937116 
0.6029505177260943,0.010713590113184235 
0.08273352615774549,0.7754790188149565 
0.8456661908487831,0.13873156171055762 
0.007155910338229432,0.5842894019759345 
0.8219862806554437,0.8825242934372586 
0.28968475491223034,0.9536160245005365 
0.4782312829759192,0.999525898186596 
0.07177563808881804,0.24188394884129916 
0.16870820856819446,0.12550600948759533 
0.2682984210051217,0.9430737842518784 
0.9957407651778735,0.4348763196613053 
0.011101777909871158,0.39522152684300554 
0.3829043773156624,0.9860952737356816 
0.5913416293463013,0.9915859098350592 
0.8807659517475882,0.1759362871444053 
0.6412512901105315,0.9796332693236682 
0.49596008384526447,0.9999836788110815 
0.8685983581568921,0.16216091054461523 
0.47971072974831797,4.1182408642398416E-4 
0.8262805384876122,0.12113193562371372 
0.055098563035449855,0.7281725473997221 
0.2646376548836982,0.05885992417220254 
0.12979360730740752,0.8360762217258728 
0.935914869323773,0.25509547431205365 
0.7730546201566628,0.9188569856300604 
0.11410567947632383,0.8179395750572274 
0.9987789222990654,0.46507741890720494 
0.1490797569044297,0.856167071731436 
0.018378707904780245,0.6343165328637207 
0.983334142108105,0.3719839577528573 
0.03555077425341968,0.31483273317510446 
0.41377207898396584,0.007491375063083228 
0.7404170908133259,0.9384057737357675 
0.9232266759018084,0.7662314421797427 
0.021175911511878143,0.6439704562871121 
0.007657469992582211,0.5871712862466475 
0.02544789892187832,0.34251887934631575 
0.26792873980061604,0.9428802662000981 
0.07952790689755523,0.7705609338430977 
0.03711241731890491,0.6890372603474044 
0.0514122471191244,0.27916289268946104 
0.1485256513165643,0.8556202781304162 
0.5528175508771483,0.0027975197976785604 
0.038798123192349765,0.3068864871918566 
0.9028395443684633,0.7961761325512386 
0.4710466040146315,8.390030652289937E-4 
0.45549036573376017,0.9980149520420905 
0.5596030735572306,0.0035652372944342536 
0.4961098039725873,1.5133854165183536E-5 
0.995244293330928,0.5687974557898016 
0.9180121752737103,0.2256538293998968 
0.6560427481513695,0.024972989452843597 
0.9663128815531323,0.3195774501410247 
0.9227092721790293,0.767052188184024 
0.003985644512498054,0.43699397528554906 
0.9968046166296367,0.5564373360062259 
7.258924541259093E-5,0.49148037699108643 
0.7302054170107333,0.05614702211327405 
0.16653249867830638,0.12744205073268638 
0.8032299113765495,0.897557066150974 
0.16869881754768573,0.8744856826444749 
0.5032541889106439,0.9999894101423887 
0.6515069479491016,0.023506931085930494 
0.499164776818103,6.975982502210876E-7 
0.9997856454448953,0.4853607169837689 
0.03395453471900878,0.3188878129693521 
0.19530977613986106,0.10356101669480283 
0.9750107584114015,0.6560922143908055 
0.488599863552605,1.2998000582115088E-4 
0.04776576998777071,0.2867297460843492 
0.5454384175089891,0.0020689302581342606 
0.8915484878035228,0.18905019424547864 
0.7525239659421861,0.9315456483673885 
0.8681335366469967,0.1616544677466918 
0.0013937802912488695,0.4626926593315922 
0.8363095525871774,0.8699944389293068 
0.7830867211121559,0.9121430677931734 
0.9803779010238882,0.6386977729016705 
0.08300130087848057,0.22411581246660667 
0.16665663494404281,0.8726690233614418 
0.9565934828519076,0.2962295619645364 
0.12303537606135412,0.8284778109687095 
0.0023292301123757353,0.548205858559509 
0.1967202561629775,0.10248094765388926 
0.28157816863408225,0.050231277674004315 
0.43389949584860804,0.004388535896382051 
0.9248458120086436,0.7636399742427471 
0.4570712617750731,0.0018462853351230435 
0.5333183629098455,0.0011113484022634013 
0.8849085631858629,0.18086774217231716 
0.9905297560100802,0.4031467167893044 
0.9900930504516834,0.5990393956916327 
0.8796229165103421,0.8254019687404823 
0.9419442818979384,0.7338487795514774 
0.7729192348350795,0.08105478728473964 
0.6579531809615707,0.9743951861308473 
3.041560704866164E-4,0.48256258162538435 
0.9528759177550714,0.7119042310042483 
0.43341874157262816,0.9955471077770787 
0.9392497227718601,0.2611283167789783 
0.9061742504966779,0.20841385795367084 
0.9164251763379601,0.2232508852554378 
0.24032672806111194,0.07271813537133087 
0.7377866625480083,0.06016195808652519 
0.8598698779385049,0.847121982813716 
0.07869337274162974,0.23074041181756105 
0.09636944706508321,0.20490276731651086 
0.8236777187495892,0.8810941279855435 
0.5405734328113371,0.9983510776048388 
0.1523330100394446,0.14065662091563863 
0.9377441605018826,0.25838036100825323 
0.36962065147538176,0.017297995158196855 
0.9034289262587107,0.795372817736744 
0.02433033574633109,0.34592738559756353 
0.8208204116276328,0.883502625131923 
0.3308632587833241,0.02947607630365573 
0.1320010946140942,0.8384919580060584 
0.999103302168069,0.5299314845092804 
0.011126193633947512,0.6048923326519505 
0.6583241728524158,0.9742715006097229 
0.2392944321995602,0.9266527943396718 
0.9870237833227203,0.6131717035217901 
0.6865409819566423,0.03610080615434169 
0.8297027959530363,0.8758936902114087 
0.43012828371022827,0.004906126817629031 
0.8849341659158458,0.8191013756013472 
0.48687154853020864,0.9998276140450879 
0.09305417625201268,0.7905083415912046 
0.9988578390915668,0.5337765654987661 
0.9977948303902393,0.546907428374968 
2.488883650564322E-6,0.4984223823479645 
0.5490483171353354,0.9975884469983116 
0.6786488146249979,0.03300470983843623 
0.526730475468496,0.9992849704139192 
0.0916536157172908,0.7885363589623289 
0.8701356100804607,0.16384582383917173 
0.28655251765677725,0.9521506079630322 
0.7946808167350243,0.9039346682922612 
0.741695292352003,0.9377023939332292 
0.39776949300165426,0.989437353947225 
0.7149633789702613,0.04856811621055407 
0.006120070286352697,0.42200887854349833 
0.01665741251489039,0.6279841518438872 
0.9990285348041366,0.46884680672488666 
0.9911080956495898,0.40612328090823946 
0.004802704939178559,0.5691349330255387 
0.3209044749309393,0.033175843705322505 
0.9306318008246351,0.24592077590142908 
0.8086011167553687,0.10659772403131768 
0.9699957990878476,0.6705987949540546 
0.301435134031636,0.04111875827948075 
0.33248500527999847,0.028896267745671722 
0.17815538442543005,0.8826434939021665 
0.5918466129851095,0.008508189607229044 
0.17027166184252518,0.8758712851707482 
0.946190819417254,0.7256407602091419 
0.9987802349838883,0.4650961722812937 
0.11844688337901355,0.823136533367572 
0.9949526578999961,0.42913487149712154 
0.12932173736856234,0.8355556967368292 
0.49144954121173334,0.9999268843086058 
0.02892347630461256,0.3324085061136187 
0.8284982910101015,0.12305322285043646 
0.6915459808540346,0.038144895861628725 
0.017106049707879822,0.3703333783455767 
0.7338849878235104,0.05807487911321868 
0.6356387023371299,0.9812506025225313 
0.15941903555078596,0.13393360348859773 
0.4503059062846788,0.9975243682974864 
0.20601741629353443,0.9044431239090003 
0.5176669400080096,3.1221824948185484E-4 
0.6466761530027102,0.9780022030705775 
0.8614585435568357,0.1545326045923131 
0.004440574872449532,0.5664895192286102 
0.1910775519974537,0.10685000175491027 
0.5939513045426013,0.008906167443793522 
0.4331289741858726,0.004491911361109768 
0.928168281323315,0.7582090681378921 
0.7343938151904921,0.9416554532669618 
0.44099575374994543,0.00349370706459029 
0.7738860587078508,0.08168621007014382 
0.9401069708013395,0.2627114536011717 
0.0013868426125083766,0.46278549637471333 
0.11377772771709693,0.1824588902320976 
0.5002918776513173,8.519257060912722E-8 
0.17127031523066455,0.8767449991060974 
0.0335899044928461,0.319828906844057 
0.9578838958492171,0.2991459785766206 
0.9896284066597729,0.3986884834196426 
0.6408456819290607,0.979752534002623 
0.5987706360979869,0.009852714538987672 
0.17639454923594955,0.8811554961374631 
0.8176871357078019,0.8861021675745587 
0.9985034449856134,0.46134362487925734 
0.8142427287023518,0.11108933229120588 
0.9818021423058856,0.6336663595279651 
0.6623425744347134,0.9729110788783759 
6.17270697956529E-4,0.4751627361643449 
0.0077714164329739654,0.41218757764644437 
0.7598287463833139,0.9271873389426184 
0.023673905463316325,0.347968912180994 
0.0755352572749764,0.7642530646622276 
0.46670726080555003,0.9988903622209295 
0.9999063985139087,0.490325666697233 
0.9789318565219058,0.3563884516883111 
0.07777938778194132,0.23217588865412492 
0.7404785091355561,0.9383720869808435 
0.3849363401595117,0.01341973510620842 
0.6857594326016994,0.9642127025400045 
0.4303771611351332,0.004871066985177308 
0.22110130480463724,0.08501142447252341 
0.06676852775712278,0.25037930482776655 
0.00385425141689677,0.4380371388417853 
0.7519448592633755,0.9318839981878907 
0.9991300108722828,0.5294827448965475 
0.05873366413314157,0.7351255427014193 
0.09878102797413241,0.20163221271976095 
0.5666785333842396,0.004465971717656059 
0.14392824673210847,0.14898303954832925 
0.2052552930080937,0.09611194904991888 
0.2551680273612602,0.06404437705905963 
0.07901055024788578,0.2302447716958722 
0.005950301891584131,0.5769083597470593 
0.5694391227706006,0.004845268396989344 
0.7182473564362328,0.050146588977480366 
0.9973291548290877,0.5516111592292342 
0.9813169301066884,0.3645968508760845 
0.14206254827949016,0.8491142802232926 
0.178449647169857,0.11710919233440648 
0.7329525147096712,0.9424173661718541 
0.9620834152924016,0.690994547858597 
0.6163953235472467,0.013736564549284846 
0.25931345997402727,0.9382579028954594 
0.2408550512049657,0.9276024970858088 
0.04422084102840024,0.7055854037794055 
7.137729953222705E-4,0.47329300609515507 
0.8705179252917927,0.16426726844487521 
0.43551036944956945,0.004176354384475778 
0.3425276410850009,0.02544499141011508 
0.9957634389665327,0.4350491525530497 
0.33582678544125444,0.9722786842759772 
0.11984550625840845,0.8247807889763097 
0.007824013687375841,0.41189325509817276 
0.5084894465755623,0.9999279241019056 
0.9999935996657605,0.49747011990890705 
4.465365213476291E-4,0.521126692275005 
0.27078320865464633,0.05563566461141306 
0.1833416594657481,0.8869463727315372 
0.12173449860691732,0.17302108560972967 
0.03874391789334486,0.6929840063829606 
5.695717535264544E-5,0.5075467828399178 
0.3949883675373758,0.9888481942766432 
0.7684294198762244,0.0781639577455317 
0.00940729393823414,0.4034660849286955 
0.28488892552434975,0.9513615243216144 
0.12651633283026087,0.8324303691864561 
0.7091357708037822,0.04583898299137584 
0.9015561060747395,0.7979139031231887 
0.028131497719317555,0.6653484700727091 
0.6560810550386881,0.02498557468429441 
0.01650741164527031,0.6274163137358946 
0.926130327662558,0.23844131854170664 
0.9898183789876089,0.6003890213417342 
0.08743349329636174,0.21753074937905742 
0.012818235326904182,0.38751031971772587 
0.6045897164858761,0.9889386374642568 
0.29686116101271676,0.04312516802202976 
0.23187844761074233,0.9220317916275675 
0.8183946131650555,0.11448103768105689 
0.7696929496216298,0.07897065075652382 
0.9793147516587306,0.6423283838253264 
0.5792375444375774,0.0063185120429337105 
0.9425060553293167,0.7327840007321974 
0.6019392094429902,0.010501892160819204 
0.998276265687423,0.4585179188974728 
0.06081427084024138,0.7389893204777385 
0.6524382922047874,0.023804066512860877 
0.017043205863587596,0.37056764315875634 
0.003546194691054605,0.5594442528279033 
0.06222915900644299,0.25842870456986455 
0.8688116104834871,0.8376062735977765 
0.40831005520913377,0.9915210616283375 
0.5922794565880332,0.008589273731415936 
0.8144861343744729,0.8887138681423663 
0.9044465948287496,0.20602219143032363 
0.188168184104552,0.10915358694834187 
0.9617196648447164,0.6918722259621822 
0.3367972352151753,0.027385085332054748 
0.6092238784594243,0.9879243223844052 
0.5155747974510826,0.9997573668134945 
0.17069389490810982,0.8762412645487055 
0.054897563396039684,0.7277802031108445 
0.16654223139222646,0.1274333394476574 
0.23454412568458305,0.0762864425210853 
0.4922799007099814,5.960348562317197E-5 
0.11964352636985609,0.8245442234390279 
0.8803353613393929,0.1754310351946241 
0.7044860861038922,0.043726572557735266 
0.16585268368431544,0.12805165546943775 
0.9672210361510758,0.32194241555632896 
0.004329992633628321,0.4343399375767808 
0.012885081430369927,0.38722120719345043 
0.02417715216525318,0.6535988850168885 
0.8925425508234097,0.1903060449523582 
0.9237329005433118,0.7654249969335063 
0.1644404024486198,0.8706747313901444 
0.11559786047084342,0.8197420759384145 
0.49024735115714435,9.51232078766906E-5 
0.21536723480034858,0.911076865044483 
0.7218277307867411,0.05190128559210849 
5.833528396059773E-6,0.5024152627943824 
0.14799814944241418,0.8550981515074882 
0.5481528068467691,0.9976759057788289 
0.28121153970888224,0.05040950894904145 
0.7786071698921216,0.0848156495185512 
0.9998139455947096,0.5136389071794135 
0.4849484815675213,0.9997734004455187 
0.4986194408799909,1.9059471164650788E-6 
0.9587641519552492,0.3011647594595438 
0.5248547955334951,6.181429617329592E-4 
0.07240251907097567,0.7591532255310606 
0.764663799615277,0.07579123868877419 
0.08432981236153925,0.7778818006070329 
0.9572480275765796,0.7022974079846984 
0.5640163805216978,0.995884969549291 
0.5258515555001055,0.9993312498514638 
0.2396857464440193,0.073108339978874 
0.03964510093658902,0.6951239783017882 
0.4749761113010468,6.265876176602125E-4 
0.9305666964616973,0.7541895353826759 
3.9110200668618367E-4,0.5197724314616738 
0.7607901758875298,0.9266010831685162 
0.4229466894855543,0.005972888052928449 
0.9409516417103767,0.7357151876161643 
0.7434261989905646,0.9367421271700338 
0.9577680419075391,0.2988820748711405 
0.8701555380302474,0.16386776758909583 
0.6991688583060773,0.9586194128916194 
0.11241326382169886,0.8158742185406274 
0.9994555157916155,0.5233278319895209 
0.1508190674998014,0.8578724303132219 
0.25206444884627954,0.06580193174761723 
0.32297941622245463,0.9676149194786849 
0.37598166762605,0.9843753226942764 
0.33144882658550656,0.9707340033825869 
0.6048060792284554,0.9888923048655591 
0.6050693076223805,0.011164198737701303 
0.24861128805553673,0.06779204599301547 
0.981458631348382,0.6348984295688531 
0.6700672016711404,0.029811583601055014 
0.383507406736761,0.9862401420232656 
0.821118186193463,0.8832533241810441 
0.7844235562392756,0.08877835580285465 
0.9938409496145221,0.5782375644037253 
0.4524198760290023,0.9977309833664211 
0.9179734227339171,0.7744052074726246 
0.3714612849263404,0.9831954042902442 
0.30235426142225574,0.04072212983635054 
0.8587445527344844,0.1517151368730837 
0.9369062469876555,0.7431315103872015 
0.8902653425087506,0.8125587343788806 
0.8905733651190767,0.8121737440265604 
0.12101616260453057,0.17385394223905704 
0.21221649407429571,0.09112269111980531 
0.9997357308355654,0.516254209493028 
0.006966855315817755,0.4168235715913082 
0.04984827556907989,0.2823686029271765 
0.8433382716809271,0.13651845824147557 
0.9934716288685422,0.41946583643056984 
0.29435439302841215,0.9557519987156252 
0.5616689230454937,0.9961823696287575 
0.002376144588302209,0.5486877656624094 
0.15270797854462276,0.8597057850986523 
0.9094676080213847,0.7869429873358916 
0.09608297754730755,0.205294996695083 
0.6087315418822318,0.9880342731816203 
0.4835980556635248,0.9997309038092232 
0.6889752869981687,0.9629128869495424 
0.06380166662890696,0.7443992920699257 
0.42797964125635907,0.9947858808883265 
0.7548142343912979,0.9301972872433957 
0.08726170287626767,0.7822181746227583 
0.8679257899813992,0.16142857021514156 
0.48023330371303935,3.9087506541773953E-4 
0.9924693589550886,0.5864518969737744 
0.6532759354085799,0.9759269771977892 
0.9461835243617673,0.2743448148432831 
0.997107695534871,0.5537023187582248 
0.42335082385665623,0.9940899754058431 
0.7300250674301215,0.9439464701445075 
0.4751997830874273,6.15429512395349E-4 
0.016792622271887048,0.3715063032319453 
0.8668889250364524,0.839694740444412 
0.9999362898962498,0.49201839334639624 
0.8166532272429899,0.8869505571472915 
0.8862970281184951,0.8174501631229989 
0.6294836362328372,0.982943048348273 
0.9405077215947859,0.2634562467208855 
0.1307402904342594,0.8371161029844538 
0.9097314575779217,0.7865661052376427 
0.5345660073141376,0.001196239851423142 
0.9674357689774288,0.32250689624529105 
0.06171956789545452,0.7406455128072262 
0.9374196490609698,0.7422066279344519 
0.13557147843527595,0.15766704413663374 
0.6311032074576867,0.017494094342559607 
0.37692730459714047,0.015383541709245163 
0.9980007255355432,0.45533147230910054 
0.8262073007588161,0.8789311242582842 
0.009946035768298833,0.4007673836846244 
0.8703511336718714,0.8359167125761379 
0.8142866131634228,0.8888752046431672 
0.9088387219809781,0.21216167835230765 
0.015066006537095722,0.6218155243970157 
0.40902702899456145,0.9916542672920104 
0.9700623305739866,0.6704153906645525 
0.03213860772362276,0.32363186904315777 
0.9655606296691286,0.6823548740837065 
0.9799484402472534,0.6401766553468465 
0.03981853969081245,0.6955326662931381 
0.5619880766575879,0.9961425988083397 
0.9338666874261456,0.2514850154580951 
0.05519055762610964,0.27164816625428934 
0.8157706563675489,0.8876711139319093 
5.828150391987696E-4,0.4758654735735534 
0.9998937355335549,0.5103079180394596 
0.08531260479555608,0.2206536840075507 
0.8221726593986726,0.11763266675095418 
0.0017806909633227286,0.4578393536219397 
0.10136081765326294,0.19819409830501183 
0.5352645523166325,0.0012451390212749325 
0.9994946999662728,0.5224731997188435 
0.30778281972876975,0.9615761644718859 
0.853862766296263,0.8532437439349159 
0.9218749637530897,0.7683682450632512 
0.8515626431787862,0.14446700867409573 
0.04798823426631443,0.7137413475168428 
0.0013149586175741912,0.46376149145717716 
0.8460356808826549,0.8609145432870189 
0.11705356314705295,0.8214840999204032 
0.036273297616945754,0.31303062952200367 
0.9698618647951827,0.6709673302452651 
0.010386151780313713,0.39861814939788287 
0.8228591557075395,0.8817878541491527 
0.6826690211663082,0.9654374595003532 
0.547171881766706,0.0022301600432305113 
0.48101466611703425,3.6057291547503256E-4 
0.6745355612027482,0.03145188307320901 
0.9743844721352188,0.6579853556409255 
0.7608964433479518,0.9265361014596407 
0.30236249955604283,0.04071858472363071 
0.9910029847490137,0.40557506172858876 
0.0741488174319313,0.7620129201115424 
0.09608592813408884,0.20529095271997577 
0.7313094640338058,0.05672138349747402 
0.009240485847893942,0.40431771705697694 
0.9112041848366653,0.7844487974536253 
0.1335073823566973,0.15987772608522105 
0.18219198294564598,0.8860026739492609 
0.16301642165577707,0.1306193454898823 
0.5308090009992833,9.500972273151498E-4 
0.6694268212550675,0.9704195491679778 
0.6522821838476294,0.0237541218208846 
0.5610845397426422,0.0037453486319452556 
0.36164520061435235,0.9804767939109622 
0.4765077776802962,0.9994478105773231 
0.6725469197655005,0.9692840935717275 
0.3709479892250127,0.9830585663404932 
0.018719166932728126,0.6355313975507991 
0.7559120048692227,0.07045483850494261 
0.40477932698403063,0.009150712101580138 
0.6287559140133241,0.01686242683207345 
0.6953707468577531,0.9602502268030335 
0.9838124074756729,0.6261964911263125 
0.3532014052890325,0.9779646143710694 
0.08881361923732256,0.21552546638531872 
0.48699519176016337,0.9998308463496877 
0.25522261397074897,0.9359862741975795 
0.02595768551165012,0.3409909308418907 
1.309243077296518E-4,0.48855853302433144 
0.18184961330264365,0.885720535419522 
0.7017453435780407,0.04250812428571127 
0.6560922307953868,0.9750107530207287 
0.8146009854566045,0.1113790793720269 
0.6465477845823261,0.021958425621774857 
0.760488785853704,0.9267851830188849 
0.5951715243312792,0.9908588197806583 
0.24972507459635052,0.9328538572245807 
0.9918654128346744,0.4101756399578863 
0.6345808355058302,0.9815475041099815 
0.8201401965881043,0.8840706374204228 
0.28663349777773706,0.9521888275150516 
0.09501312099670034,0.7932330606107822 
0.6727226190221909,0.9692194549228699 
0.8044637843038254,0.10338708537492919 
0.22286734151259108,0.9161700248692848 
0.12005694988632598,0.8250281198147604 
0.7883947649067524,0.9084463974310204 
0.9475808093826904,0.2771291426131811 
0.6293178443140595,0.9829874689285061 
1.98126674073984E-4,0.5140743532673812 
0.6579384515148532,0.9744000901486956 
0.3424969446800402,0.9745448214498581 
0.4660012139062752,0.0011572566989139776 
0.9814650811233596,0.3651245920900448 
0.12058751638090065,0.8256473050310514 
0.050974699198756745,0.2800539174243993 
0.15112238690381552,0.8581681324187134 
0.011657599039984201,0.6073391793550107 
4.3197981538328767E-4,0.4792203655272186 
0.9876097833248141,0.3893803850760283 
0.07416880776788648,0.7620454077486893 
0.6439516506048678,0.9788297424848775 
0.31695395958511424,0.9652893154677334 
1.3777301027806388E-6,0.501173766673845 
0.5598840166489563,0.9964009513991564 
0.004149635526003059,0.5642838708464605 
0.33707280437789927,0.02729001604925063 
0.30562817614374016,0.9606729795535995 
0.19114255622834841,0.1067989325715899 
0.09280587498441395,0.7901602049778558 
0.0035018859850189377,0.5590730292059483 
0.48879243774750336,0.9998743747666572 
0.3386506519288126,0.9732508720298387 
0.31464941929925505,0.9643760999813584 
0.8442329692378838,0.13736566228545016 
0.7618321519338187,0.9259623506998074 
0.9951419842137159,0.43047003905578296 
0.10634994821825422,0.19171500728671714 
0.40533095733046565,0.9909559780265781 
0.378125407859768,0.9849191518084763 
0.916016179995433,0.7773635484017456 
0.37755112154555615,0.01522554505703494 
0.04655706610675969,0.7106881717189897 
0.0944553295646362,0.20753885680064743 
0.9710465225193778,0.3323242008446023 
0.8647278168885675,0.8420140634355547 
0.41963501904924033,0.0065007904395549265 
0.13105585099368772,0.16253857270199296 
0.9079359990485256,0.7891162753638773 
0.5246026021884889,0.9993943451477549 
0.010809252300833239,0.39659587839196053 
0.029826110774773762,0.3298926401038902 
0.552838382145965,0.9972002668665786 
0.25285007221006317,0.9346457329750621 
0.012617153941271886,0.6116152380622564 
0.050721696594443255,0.7194288178180444 
0.515230499624573,0.9997679780469992 
0.2536983078724532,0.06487303409796913 
0.7991251445776733,0.9006546491448539 
0.9875189868607677,0.6110190859728659 
0.3394606805557091,0.02647373154980731 
0.12968096880327123,0.835952102439494 
0.6855624282519658,0.9642914873452173 
0.9998249077367372,0.5132310848369315 
0.15706013740245367,0.13614254076413934 
0.1440387219888668,0.8511289913360627 
0.7362241287467268,0.059320795818715966 
0.09899362668745554,0.20134654101664884 
0.5681807920810454,0.004670433356536607 
0.10947603792594984,0.8122355441745636 
0.007725383143863285,0.4124460075202518 
0.8430845820068195,0.13627899484741607 
0.0348723133275301,0.6834563574551634 
0.36995433814848283,0.9827920109463297 
0.35211545069142614,0.022370268852744013 
0.9370904752719041,0.25719984261417583 
7.879072080931859E-4,0.47194137547340204 
0.8593716365406467,0.1523622188971726 
0.6416881709944522,0.9795043922637694 
0.8949455253698105,0.8066235998587916 
0.9693460063538393,0.6723784392541653 
0.09126027358084632,0.21202111874862178 
0.6586998656972508,0.9741459191300443 
0.3426601960907824,0.025401026016902417 
0.17437811137671083,0.8794342968807674 
0.016227695719072288,0.3736498610577673 
0.5323096426488864,0.0010450050436400238 
0.9722060749566968,0.3356180582485093 
0.9087416609776007,0.7879761354370742 
0.6427199050767902,0.979198318752134 
0.6842963342298974,0.035204495299898664 
0.6006977632748791,0.010244999544224753 
0.983567188368222,0.627132900280189 
0.8294535439770179,0.12388783274004123 
0.3398396175017313,0.973654570207032 
0.9750646562885921,0.655928099922374 
0.1257825762378641,0.16839583875827202 
0.3848430563883874,0.013441803750022185 
0.7025734092193312,0.04287418156785605 
0.4057885356854523,0.008956010125662273 
0.1410267172028321,0.8480491089455978 
0.9711528720286029,0.6673767342828715 
0.7981649743092398,0.9013697149700888 
0.37999856822317724,0.014613909993794194 
0.6917074233847137,0.03821188428111949 
4.3671763176300615E-4,0.47910677359828996 
0.3458447046552076,0.9756428753982969 
0.008909943678823196,0.40602895880930445 
0.4057935165185958,0.008955054531595952 
0.32263694735510895,0.03251486916000684 
0.7249557651206893,0.05346343516015928 
0.001991804567661404,0.5445851688594502 
0.7483899264161651,0.06606170432310071 
0.12696564445620329,0.16706551758037402 
0.3146584966166523,0.0356202770107199 
0.4756810552249769,0.9994082387436448 
0.04716867361141597,0.28800049565823127 
0.6243063804234312,0.01569851973587233 
0.15522865584905382,0.8621225210510246 
0.9411363893411473,0.7353692545747124 
0.965919398932061,0.6814362524381139 
0.2653330021043492,0.9415103623910119 
0.9643409074304601,0.6854387275804517 
0.723944959565253,0.05295564528190572 
0.1487055086638051,0.8557979487811083 
0.40697834850767256,0.008729227051272659 
0.9766675078776901,0.650957235446574 
0.22742925895468796,0.919172030467217 
0.681347727764674,0.03404613786922023 
0.20705869770895974,0.0948020318263807 
0.00514575370838255,0.5715491085000729 
0.4928392300171212,5.1279256309821886E-5 
0.16321115120074386,0.13044178899059516 
0.5495398111059869,0.002460245693288232 
0.02007961446018469,0.6402726756831673 
0.8127137349766744,0.10985884611215613 
0.06854825014635546,0.752684363481851 
0.6769615962192598,0.03236275440943365 
0.0075661601788094,0.5866539866304946 
0.5697102094094271,0.9951166394942649 
0.04473246324022928,0.7067159161087767 
0.9994870284381414,0.5226430656501145 
0.9072893530350846,0.20997347896397095 
0.9999649002864657,0.49407560285391144 
0.9683700496305976,0.6750128469828188 
0.028166037699640212,0.33455299331827526 
0.9991651879446795,0.4711189483544537 
0.0023036173885447875,0.5479407001979738 
0.010555109650955019,0.3978055808215958 
0.870737041658361,0.1645092461148791 
0.13396081872852855,0.8406102138429071 
0.6746810511378588,0.03150610423040434 
0.03330215850399959,0.3205755737281737 
0.6873303092027735,0.9635810126115966 
0.26001399753676246,0.9386419024919015 
0.5068537616801624,4.697625593708121E-5 
0.06628613314326115,0.7487815943677807 
0.8691334381956052,0.16274563782525908 
0.002921697192944217,0.5539737054356748 
0.4578320839121613,0.0017813061989654377 
0.0013048068737119278,0.5360985367118147 
0.024719184604666378,0.655267982910666 
0.124062990254109,0.8296534008672107 
0.9986136207174309,0.46279170475479925 
0.9588586359669276,0.30138290053832056 
0.9918155523146874,0.40990303833425323 
0.9450404828034169,0.27209877432075646 
4.1104074341635766E-4,0.47973002740693504 
0.769814166249905,0.07904832143003787 
0.96405154568544,0.3138383418988917 
0.99704421252915,0.5542867460000794 
0.010778941232933603,0.39673937992230274 
0.7818021413765177,0.9130224607882834 
0.9245482066684139,0.7641189508812909 
0.7715908789286149,0.08019243160373768 
0.7911137418102654,0.9065129632978832 
0.9500438355252645,0.7178544149327908 
0.9326150221223393,0.7506875398460959 
0.6652612820781624,0.97189904497242 
0.45666775130759907,0.9981187772241275 
0.4828557028267913,0.9997059866305753 
0.6961300617149075,0.9599271669424482 
0.14154379309689885,0.15141837723046686 
0.6679702318547327,0.029058388745836827 
0.27558969109844444,0.9468109368163546 
0.9056948439410494,0.7922527905763221 
0.2985020338006289,0.04239911536633023 
0.09981697612431739,0.20024418704266161 
0.544236527215664,0.0019607147424032245 
0.3857741605810171,0.9867776264466441 
5.582236732807333E-4,0.4763798378580644 
0.87880590829247,0.8263526985375129 
0.8152228924499552,0.8881166423583046 
0.14532570785445698,0.147571075972675 
0.10086445789482396,0.8011491640838593 
0.9999918453757428,0.4971443813701351 
0.8374747257111008,0.13106801506752325 
0.9397031424264279,0.26196398058208836 
0.30940048992357505,0.9622464999960809 
0.011176308317621397,0.3948743682539274 
0.5995800832626321,0.989983476269769 
0.16128646890245008,0.13220502470611545 
0.2662902242518601,0.9420178058854124 
0.9569702101356552,0.29707580960226776 
0.8517863471465249,0.8553116462505904 
0.004577624398942659,0.4324968907841659 
0.9840836954211477,0.37484818887684673 
0.9954881081017489,0.5670189132241752 
0.7765398013832944,0.08343579336327023 
0.016793479173055792,0.6284969191471916 
0.5506778417906815,0.9974251263772655 
0.9842609072086739,0.6244643473024796 
0.4230281949170292,0.0059601825538055375 
0.4338955905899793,0.004389056762714005 
0.030691056978273346,0.6724793204990954 
0.9973146804293218,0.5517504456935539 
0.7365932532784357,0.05951886248883942 
0.20742391080644224,0.9054617516267143 
0.22969711127006603,0.9206380253189825 
0.9152439897603634,0.22148172597135524 
0.7838123301223691,0.0883562690013226 
0.7414744516807219,0.9378242674698316 
0.001408414860977425,0.4624975836970896 
0.10041578562015074,0.1994464180575472 
0.8739805309354695,0.8318713040942594 
0.510944515836662,0.999880203221833 
0.34616907727522717,0.02425211801454652 
0.714878978317124,0.04852793588374821 
0.02749728095398013,0.6635273080990389 
0.380549087759841,0.9855218631174025 
0.022618873183317068,0.35131489731908533 
0.9765605590375075,0.3487054740915642 
0.4859071436424174,1.986480613677677E-4 
0.014078926905907063,0.38218357193037455 
0.32615561534821136,0.9688050020264725 
0.999675713040092,0.4819949507671953 
0.37523385333271864,0.015816761291968684 
2.289939095304061E-4,0.5151308119848143 
0.6306457938480472,0.017370041802403646 
0.0671998709663344,0.2496321739750843 
0.004157625086071037,0.4356545320965438 
0.3467556152354576,0.024062862829410114 
0.9493312063376187,0.7193204664667214 
0.9761703400213271,0.6525182195148296 
0.1688265839393594,0.8745986765789835 
0.9310551509221849,0.2466396699097264 
0.008948821514065453,0.5941739884871339 
0.9919292862448825,0.5894738919160245 
0.5755245327891506,0.9942631333075334 
0.975613641557395,0.6542454665930699 
0.9056810849048353,0.7922718894290652 
0.8695969906543797,0.16325370900449948 
0.11623582205778982,0.17949250285158758 
0.17730447352619833,0.8819261672022434 
0.9895407539775354,0.39826578650667116 
0.12571250674427703,0.8315250705336583 
0.8389066052236396,0.8676170737816569 
0.3201490297220523,0.966533630609928 
0.276186608856391,0.05288976085891539 
0.19261539099303326,0.10564647567742702 
0.015742717865809552,0.6244784507455289 
0.2613929698434563,0.060606457535076874 
0.31470065655482293,0.964396547488013 
3.6424909470544886E-4,0.5190818347467555 
0.004499532485211066,0.4330725266230258 
0.9560107371984085,0.2949287744227289 
0.15722902509198328,0.8640165638547341 
0.6420373191532536,0.9794010846543391 
0.7928632601623653,0.09474562205070403 
0.9967715702361866,0.44327251984202354 
0.9392912234488374,0.7387953538091216 
0.3916276477384233,0.9881141600745595 
0.032155609147058783,0.6764132249788559 
0.45151086805923535,0.9976432498121834 
0.9512735076364327,0.7152956602105824 
0.9579687891127397,0.700660380241369 
0.025673683319932028,0.3418401273877604 
0.8141373552403826,0.11100421333569988 
0.054432476493745385,0.7268690855901333 
0.007085304651089752,0.5838755215130788 
0.9905063180566263,0.5969719131838274 
0.5729052689989446,0.005343733738071843 
0.9397903956684254,0.7378747735213002 
0.29221675891821075,0.9547814032318682 
0.6640403639790626,0.027675155231469295 
0.9124671454346824,0.2173856798798679 
0.5292691171713364,8.574163828429793E-4 
0.32273072403542713,0.9675206987920386 
0.6728836230493757,0.03083984303724019 
0.8870191790140282,0.8165693527101252 
0.9985657823927812,0.5378438981484994 
0.41073854642810537,0.008032122078857229 
0.9565086370655267,0.703960447843633 
0.2419700110407309,0.9282762248802512 
0.4758538602688644,0.9994166236080697 
0.8834839831121167,0.1791573053715173 
0.0441698412783309,0.7054723008090822 
0.9999777710402689,0.4952852926279031 
0.9993793589193023,0.4750950630326696 
0.8811562931101853,0.8236045120552284 
0.5035312010071042,1.2469536041892493E-5 
0.7136518355922518,0.9520540821052956 
0.9665785481826648,0.32026558933872246 
0.7926289169036977,0.9054236265830702 
0.43918591467315904,0.003712132904843457 
0.09476810261706109,0.7928943655030312 
0.11727845561430894,0.8217517979173256 
0.15587233826733116,0.8627342724783611 
0.8961545955548393,0.19494011010822532 
0.48271852966645246,2.9873846155770156E-4 
0.04352226800666131,0.7040296061708144 
0.1418531860793636,0.1511005020374821 
0.9919815231811386,0.5891862144524962 
0.9978230369647402,0.5466071224943457 
0.6324297559480733,0.9821435053379167 
0.9997787079664469,0.5148742416071898 
0.0016385276233100154,0.540445554150458 
0.2640500762257382,0.9408260807517179 
0.9998456034650332,0.4875753190513071 
0.2138281084461086,0.08999311166217239 
0.8339886222733066,0.8720908493795279 
0.4171618324591678,0.006909908841723933 
0.010771730718035721,0.6032264526920006 
0.5028218837062935,7.963091062657135E-6 
0.37174031723197765,0.983269545674302 
0.2654662704508567,0.9415811700058885 
0.10065163092708884,0.8008668810600561 
0.058666200712852834,0.26500111147758154 
0.22993998593943926,0.07920600193727845 
0.2599552268130955,0.9386097432406713 
0.9722812685279205,0.3358342197726387 
0.971793003372037,0.6655637700983917 
0.6462974404195145,0.9781182478495237 
0.03739021192053771,0.3102839385474309 
0.3563832504238923,0.02106970314961948 
0.9827659583621644,0.3698576569802856 
0.7876763357683134,0.09104728165848247 
0.950084375669193,0.2822293528078845 
0.9019128413641115,0.7974324594704258 
0.026341527380500163,0.3398511588684997 
0.7056424293429033,0.04424656747979511 
0.8787435489879476,0.17357493340735292 
0.9712119450762022,0.3327896450051549 
0.9952363181225554,0.4311451583952511 
6.959899998942309E-4,0.47362755988130134 
0.007595275326338635,0.4131807215011798 
0.09202455802014237,0.21093938569680604 
0.38123920715418913,0.014308869668557322 
0.504467839145016,1.996198510656466E-5 
0.09715860446280095,0.20382638530476432 
0.028869933322009655,0.3325590842356852 
0.10810017428112106,0.8105068865605276 
0.19872755996770347,0.8990425000886325 
0.24633291408970986,0.9308747028148456 
9.379193008174913E-4,0.4693888973050207 
0.7977527553175214,0.9016756112845591 
0.15968366965027375,0.1336875714676118 
0.8737012476406154,0.16781424246086735 
0.137051879395457,0.8439021107083091 
0.02596200983860536,0.3409780396179648 
0.18521198535694922,0.8884694400298258 
0.9706414186283623,0.6688095230473761 
0.4550996808254719,0.9979798804550497 
0.09496881148732556,0.20682814539589517 
0.8990777361474713,0.19877423664067295 
0.9240176502600954,0.7649698704907926 
0.9398761227342949,0.2622837896813858 
0.9756706419272114,0.6540695959901061 
0.5522132157897149,0.0027336929804144816 
0.5240494655050045,0.999421288301694 
0.0026799850778625456,0.5516991562585396 
0.07580321763700715,0.7646829987605621 
0.37640189035947624,0.015517278643201626 
0.04647613784322607,0.7105139103584454 
5.069202589899624E-4,0.5225091823672263 
0.6508451372656848,0.023297005921615044 
0.9328618053088518,0.7502611785810211 
0.29997977006181725,0.041751260104867904 
0.23800510020746474,0.07413773061857265 
0.08247796798009621,0.7750915352713901 
0.09501372695576521,0.20676610249539618 
0.9244996380735573,0.2358029953322352 
0.5997261566537841,0.01004623312085362 
0.038711156090243504,0.3070943171277728 
0.565680422926147,0.9956673098402219 
0.2589656832587318,0.06193327203145177 
0.5954136912841917,0.0091881954195428 
0.04056696961790429,0.69728479564813 
0.5447453869213312,0.002006174386408266 
0.9304719702329715,0.24565007795608873 
0.9557652563707901,0.7056162228163624 
0.14931033053865866,0.8563941017091825 
0.8806259332823518,0.1757718412707825 
0.11447123853623342,0.18161725221957414 
0.5903915409806023,0.00823850362279066 
0.2661054998390321,0.058079913565301955 
0.213749661050539,0.9099521233648128 
0.8645158066120049,0.15775998666140834 
0.11750630291959568,0.8220226260587349 
0.01327135597577661,0.6144343789529215 
0.16632813340067143,0.8723749259014628 
0.08638128296732944,0.2190737518133138 
0.3543972490515712,0.021669738657222437 
0.0014638830568219907,0.538232709859726 
0.9999489791276209,0.4928572925826648 
0.9236724428997545,0.7655214890123854 
0.27013953730688856,0.05596828076081245 
0.7094421591727378,0.9540198034899596 
0.4746675587130009,0.9993578550683275 
0.005154927666241871,0.42838747046083564 
0.9512224052166974,0.7154027414645843 
0.16188739419574033,0.8683474796930928 
0.8277917422804149,0.8775613508991221 
0.8080640177814753,0.8938230071343405 
0.610550710196855,0.012374590002765584 
0.1087910140132205,0.8113768284301126 
0.8056414105929424,0.8957061133350817 
0.15953664807348678,0.8661757856480452 
9.387456343925016E-4,0.5306245716872319 
0.9867645922058319,0.614281371074599 
0.08520324492193171,0.2208160964942551 
0.9078747523157567,0.21079732638967513 
0.2609389979583497,0.9391467150085971 
0.739269967482029,0.06096710526300103 
0.3768746475786855,0.9846030825233443 
0.25076359909505497,0.933452669231543 
0.3443137525061696,0.9751439701198887 
0.9056632177181454,0.2077033120431218 
0.027167046875619105,0.3374300198693591 
0.9351845094614943,0.7462000055336281 
0.9649184926698384,0.316014144093614 
0.504939803691562,2.440225598121515E-5 
0.36292966835171436,0.9808448025941727 
0.04429997941505254,0.7057607621459407 
0.8419810370621075,0.8647587837049651 
0.7487821190181279,0.06628643408713852 
0.8861602306572682,0.8176165553914427 
0.692930724434232,0.9612783710182848 
0.4202018924416391,0.9935911891738995 
0.8268019190493658,0.1215815732477451 
0.04554545624112055,0.29150283537441385 
0.38378077705750113,0.013694445622259188 
0.7309993799220124,0.05655971487059741 
0.04271764204901457,0.29778020594712584 
0.5816695986590646,0.9932849852315264 
0.8666329948362904,0.16002904962721792 
0.8302700694186347,0.8753953665753085 
0.9833304235372091,0.37196991883411934 
0.029787138386150214,0.669999602272813 
0.5016151293339564,2.6086495705235357E-6 
0.897925721223241,0.19725403324079877 
0.3049787818172304,0.9603984409818397 
0.5969928146491575,0.009497814575272101 
0.8592801612894512,0.1522676809615966 
0.846698837719366,0.13972244598915035 
0.8115453462268174,0.8910747975060684 
0.07859832450831955,0.23088919030851907 
0.9872932532526857,0.6120057379530794 
0.7394901749968383,0.06108718852147438 
0.7499960530756524,0.0669850193739302 
0.7925477263495819,0.09451778361105623 
0.346285636820056,0.024214444784013744 
0.37123231184297356,0.9831344352110443 
0.8611693804015316,0.1542303098009113 
0.4987112332985633,0.9999983390776306 
0.24661787507010374,0.9310423398762706 
0.020950438089398393,0.6432184249084616 
0.9890921647370826,0.3961305897157663 
0.1572703447767974,0.864055467519147 
0.3191943824324262,0.9661644866954242 
0.8808270979800976,0.8239918539779312 
0.2057132230158753,0.9042218362388357 
0.05165039164048335,0.7213201949300336 
0.6474972811904364,0.02225053423218848 
0.7238240459884527,0.05289509459483793 
0.014415162866190268,0.6191946556928267 
0.9884770080420406,0.3932750609543572 
0.8813343747952849,0.8233946421935423 
0.9086592146924105,0.7880931207907997 
0.8362358266568003,0.8700614393211189 
0.3725841522449201,0.016507288844129275 
0.48808905475507425,0.9998581092503875 
0.41015108570424536,0.991860928108621 
0.3562799640642458,0.9788993122469749 
0.011850807933593555,0.39178555417637334 
0.7014834344115091,0.042392716778083706 
0.9661391091057209,0.3191289659394717 
0.11843112439495146,0.17688207544381113 
0.0038623176028068085,0.4379725858547862 
0.9195920398744237,0.7719237394454925 
1.0519363378203028E-5,0.49675666025196413 
0.23419400692243708,0.9234940070934305 
